[root@ceph-node1 /]# rados bench -p data 10 rand
   sec Cur ops   started  finished  avg MB/s  cur MB/s   last lat   avg lat
     0      12        12         0         0         0          -         0
     1      15        22         7   27.8596        28   0.300826  0.468331
     2      16        27        11   21.8062        16   0.237253  0.635548
     3      16        34        18   23.6913        28    1.52991   1.18525
     4      15        36        21   20.7954        12    3.79887   1.53081
     5      16        41        25    19.784        16    2.73283   1.91815
     6      15        48        33   21.6187        32    1.68679   2.20121
     7      16        58        42   23.6049        36    1.84635   2.31201
     8      16        63        47   23.0549        20      4.173   2.33454
     9      16        69        53   23.1574        24    2.31493     2.294
    10      16        73        57   22.4116        16    2.45812   2.32087
    11       4        73        69   24.7012        48    3.27041    2.3137
 Total time run:        11.206381
Total reads made:     73
Read size:            4194304
Bandwidth (MB/sec):    26.057

Average Latency:       2.38341
Max latency:           5.19721
Min latency:           0.188254
[root@ceph-node1 /]#